0.01945089972212083
0.01943098299108926
0.019539168354871198
0.017147256340301207
0.018507811864183193
0.019536199732803718
0.019747503639700893
0.017670243348635584
0.020115106263701416
0.019973479917130117
0.018247619022765685
0.019244573261052063
0.018416815685671613
0.01921223568458393
0.02113213429826718
0.018374319035001
0.01835882349171646
0.01979189480570266
0.02106840050881889
0.01770495975708502
0.019474062236729144
0.019722512517425357
0.02019643285335309
0.018710424901642403
0.019770685370011837
0.01901867503271456
0.017782811926126872
0.017419273808055264
0.018068621972912046
0.020915140448966626
0.01906819078989929
0.017912632414025582
0.01933694650145157
0.016600334333982555
0.021046909511849954
0.019492757629437658
0.019678920193953734
0.020978558101070723
0.01960937530876494
0.018446980782773098
0.019332873557751318
0.01870967396829779
0.018874615227866237
0.021900773958926655
0.01886749585928138
0.01917193521791684
0.021380888662541606
0.017587424484557142
0.019869413680327862
0.01983850800841636
0.01831981440954029
0.01858339043339509
0.018605157886994673
0.017639588997479506
0.020889880325171806
0.01798826006038383
0.019542609856413755
0.02085189679621497
0.01971861810573956
0.01969708354046355
0.01965980416993008
0.01842611190674799
0.019493588689617928
0.018522321668732567
0.019232722116226817
0.01820103019062383
0.018910819654367177
0.018938001478508763
0.019798494892289163
0.018863401071917016
0.01935094571332368
0.01992943551634115
0.019903527325577243
0.018481731520612454
0.020023775867702872
0.018916014379355924
0.019186203376384818
0.0191939469625192
0.019261440756080526
0.019828827499375753
0.019026820543643123
0.020695497094778855
0.01958360283502502
0.02150311372801623
0.020082208543882818
0.019104177553613762
0.019216024562848585
0.019267358407420568
0.0199546460755384
0.019402175135793412
0.019532513919104218
0.019634856760363698
0.018558652968359533
0.019495309692333693
0.019303302826200495
0.019699743653154474
0.021028780278465987
0.018459011349473732
0.01825157527447974
0.01931398457077151
0.018663544679401074
0.01731177345045851
0.021041254715439384
0.01862977187192586
0.019807955472486302
0.018930163760517236
0.019633389926347413
0.01999357646845606
0.0182847450077927
0.019955387743664618
0.020211974173741664
0.01934135207269647
0.02042425029223839
0.019504214929086484
0.01868615530279035
0.019865042159532408
0.01859865586541135
0.019234965557546498
0.02030763403255042
0.019601976941114894
0.019684610740372796
0.019466275966398917
0.019836811739793268
0.01808314132002513
0.01993206211108123
0.018659849945806103
0.020179752228409543
0.019383186012624447
0.0187509893072339
0.019611157538503433
0.01873439617388295
0.02090144492612891
0.019076467178175318
0.018785941552128815
0.02007261816505261
0.019157742560124355
0.018721869564763023
0.01821702225941441
0.020175666036094074
0.020679951644044046
0.018344088966203802
0.01722147206251545
0.019634945887371323
0.020691360515925485
0.01944735457587998
0.02022848486664288
0.019518091607531717
0.020624606662916024
0.019060912884749252
0.019379760060434188
0.01848566742100485
0.020405977065556063
0.019317802670076118
0.019835702659598425
0.01904214011081738
0.02036995581733058
0.0179270047693417
0.01857309882599024
0.019549196914451502
0.01863437683422765
0.021560702678716202
0.018799869680399386
0.020489519272057118
0.019946638814597312
0.020541954629489375
0.020219159230789
0.018694060554090435
0.019294659882983168
